0.201645 0
0.400016 0
0.600195 0
0.800035 6120
1.000016 82880
1.200109 449920
1.400042 532800
1.60001 532800
1.800042 553520
2.000042 529840
2.200006 515040
2.400006 532800
2.600038 532800
2.800003 532800
3.000058 532800
3.200003 532800
3.400003 532800
3.600022 532800
3.800054 532800
4.000054 532800
4.200019 532800
4.400019 532800
4.600051 532800
4.800016 509120
5.00007 556480
5.200016 532800
5.400016 532800
5.600035 532800
5.800067 532800
6.000013 500240
6.200032 547600
6.400032 550560
6.600064 532800
6.800029 532800
7.000083 509120
7.200029 485440
7.400029 571280
7.600048 559440
7.80008 538720
8.000026 526880
8.200045 506160
8.400045 488400
8.600077 547600
8.800042 556480
9.00001 538720
9.200042 523920
9.400042 503200
9.600006 506160
9.800006 553520
10.000038 556480
10.200003 538720
10.400058 526880
10.600003 503200
10.800003 518000
11.000022 532800
11.200054 541680
11.4 538720
11.600019 526880
11.800019 526880
12.000051 512080
12.200016 547600
12.40007 538720
12.600016 538720
12.800016 526880
13.000035 529840
13.200067 503200
13.400013 515040
13.600032 574240
13.800032 541680
14.000064 529840
14.200029 503200
14.400083 482480
14.600029 544640
14.800029 574240
15.000048 547600
15.20008 532800
15.400026 503200
15.600045 494320
15.800045 532800
16.000077 541680
16.200042 547600
16.40001 520960
16.600042 520960
16.800042 532800
17.000006 532800
17.200006 532800
17.400038 535760
17.600003 529840
17.800058 532800
18.000003 532800
18.200003 532800
18.400022 532800
18.600054 532800
18.8 532800
19.000019 532800
19.200054 532800
19.40001 594960
19.600134 565360
19.800154 594960
19.999968 553520
