0.201645 0
0.400016 0
0.600195 17960
0.800035 171680
1.000016 298960
1.200109 20720
1.400042 56240
1.60001 142080
1.800042 159840
2.000042 186480
2.200006 213120
2.400006 239760
2.600038 186480
2.800003 145040
3.000058 168720
3.200003 195360
3.400003 222000
3.600022 245680
3.800054 171680
4.000054 150960
4.200019 177600
4.400019 198320
4.600051 222000
4.800016 245680
5.00007 133200
5.200016 150960
5.400016 171680
5.600035 195360
5.800067 222000
6.000013 245680
6.200032 162800
6.400032 150960
6.600064 177600
6.800029 198320
7.000083 222000
7.200029 245680
7.400029 130240
7.600048 150960
7.80008 171680
8.000026 195360
8.200045 222000
8.400045 245680
8.600077 162800
8.800042 150960
9.00001 177600
9.200042 198320
9.400042 222000
9.600006 213120
9.800006 165760
10.000038 150960
10.200003 174640
10.400058 195360
10.600003 222000
10.800003 198320
11.000022 183520
11.200054 177600
11.4 177600
11.600019 189440
11.800019 192400
12.000051 204240
12.200016 168720
12.40007 180560
12.600016 177600
12.800016 189440
13.000035 186480
13.200067 216080
13.400013 201280
13.600032 142080
13.800032 177600
14.000064 186480
14.200029 213120
14.400083 239760
14.600029 168720
14.800029 142080
15.000048 168720
15.20008 186480
15.400026 213120
15.600045 239760
15.800045 201280
16.000077 142080
16.200042 168720
16.40001 195360
16.600042 213120
16.800042 239760
17.000006 168720
17.200006 142080
17.400038 168720
17.600003 186480
17.800058 213120
18.000003 239760
18.200003 201280
18.400022 142080
18.600054 168720
18.8 195360
19.000019 213120
19.200054 239760
19.40001 266400
19.600134 219040
19.800154 0
19.999968 0
