0.201645 6120
0.400016 82880
0.600195 449920
0.800035 532800
1.000016 550560
1.200109 568320
1.400042 615680
1.60001 568320
1.800042 538720
2.000042 532800
2.200006 520960
2.400006 479520
2.600038 529840
2.800003 571280
3.000058 550560
3.200003 520960
3.400003 494320
3.600022 470640
3.800054 547600
4.000054 565360
4.200019 538720
4.400019 520960
4.600051 494320
4.800016 494320
5.00007 562400
5.200016 565360
5.400016 544640
5.600035 520960
5.800067 497280
6.000013 503200
6.200032 538720
6.400032 550560
6.600064 538720
6.800029 518000
7.000083 520960
7.200029 518000
7.400029 547600
7.600048 538720
7.80008 541680
8.000026 526880
8.200045 520960
8.400045 518000
8.600077 538720
8.800042 541680
9.00001 532800
9.200042 529840
9.400042 523920
9.600006 529840
9.800006 532800
10.000038 541680
10.200003 535760
10.400058 529840
10.600003 523920
10.800003 532800
11.000022 532800
11.200054 532800
11.4 532800
11.600019 532800
11.800019 532800
12.000051 532800
12.200016 532800
12.40007 532800
12.600016 532800
12.800016 532800
13.000035 532800
13.200067 532800
13.400013 532800
13.600032 532800
13.800032 532800
14.000064 532800
14.200029 532800
14.400083 529840
14.600029 535760
14.800029 532800
15.000048 532800
15.20008 532800
15.400026 532800
15.600045 515040
15.800045 518000
16.000077 565360
16.200042 532800
16.40001 532800
16.600042 518000
16.800042 476560
17.000006 547600
17.200006 577200
17.400038 544640
17.600003 532800
17.800058 506160
18.000003 476560
18.200003 515040
18.400022 574240
18.600054 550560
18.8 520960
19.000019 503200
19.200054 361120
19.40001 0
19.600134 0
19.800154 0
19.999968 0
