0.202778 0
0.407104 0
0.600198 13800
0.800045 44160
1.00001 195960
1.20017 267720
1.400045 5520
1.600048 0
1.800083 5520
2.000083 22080
2.200154 99360
2.4 157320
2.600003 182160
2.800048 207000
3.000003 215280
3.20001 218040
3.400054 245640
3.600099 240120
3.800022 229080
4.000032 215280
4.200077 215280
4.400032 215280
4.60001 215280
4.800054 215280
5.00001 215280
5.200016 223560
5.400061 245640
5.600106 240120
5.800029 223560
6.000038 215280
6.200083 215280
6.400038 215280
6.600016 215280
6.800061 215280
7.000016 215280
7.200022 231840
7.400067 242880
7.600112 237360
7.800035 220800
8.000045 215280
8.20009 215280
8.400045 215280
8.600022 215280
8.800067 215280
9.000022 215280
9.200029 237360
9.400074 242880
9.600118 237360
9.800006 215280
10.000051 215280
10.200006 215280
10.400051 215280
10.600029 215280
10.800074 215280
11.000029 215280
11.200035 242880
11.40008 242880
11.600003 231840
11.800013 215280
12.000058 215280
12.200013 215280
12.400058 215280
12.600035 215280
12.80008 215280
13 218040
13.200042 245640
13.400086 240120
13.60001 229080
13.800019 215280
14.000064 215280
14.200019 215280
14.400064 215280
14.600042 215280
14.800086 215280
15.000003 223560
15.200048 245640
15.400093 240120
15.600016 223560
15.800026 215280
16.00007 215280
16.200026 215280
16.400003 215280
16.600048 215280
16.800003 215280
17.00001 231840
17.200054 242880
17.400099 237360
17.600022 220800
17.800032 215280
18.000077 215280
18.200032 215280
18.40001 215280
18.600054 215280
18.80001 215280
19.000016 237360
19.200102 262200
19.400138 226320
19.600019 162840
19.800214 0
19.999933 0
