0.202778 5520
0.407104 33120
0.600198 82800
0.800045 264960
1.00001 400200
1.20017 414000
1.400045 419520
1.600048 397440
1.800083 447120
2.000083 524400
2.200154 507840
2.4 463680
2.600003 483000
2.800048 532680
3.000003 529920
3.20001 535440
3.400054 507840
3.600099 513360
3.800022 513360
4.000032 496800
4.200077 496800
4.400032 499560
4.60001 516120
4.800054 529920
5.00001 532680
5.200016 529920
5.400061 507840
5.600106 513360
5.800029 510600
6.000038 496800
6.200083 496800
6.400038 499560
6.600016 521640
6.800061 527160
7.000016 538200
7.200022 521640
7.400067 510600
7.600112 516120
7.800035 505080
8.000045 496800
8.20009 499560
8.400045 499560
8.600022 527160
8.800067 527160
9.000022 538200
9.200029 516120
9.400074 510600
9.600118 516120
9.800006 502320
10.000051 496800
10.200006 499560
10.400051 505080
10.600029 527160
10.800074 529920
11.000029 538200
11.200035 510600
11.40008 510600
11.600003 518880
11.800013 496800
12.000058 496800
12.200013 499560
12.400058 510600
12.600035 529920
12.80008 529920
13 535440
13.200042 507840
13.400086 513360
13.60001 513360
13.800019 496800
14.000064 496800
14.200019 499560
14.400064 518880
14.600042 527160
14.800086 532680
15.000003 529920
15.200048 507840
15.400093 513360
15.600016 510600
15.800026 496800
16.00007 496800
16.200026 499560
16.400003 521640
16.600048 527160
16.800003 538200
17.00001 521640
17.200054 510600
17.400099 516120
17.600022 505080
17.800032 496800
18.000077 499560
18.200032 499560
18.40001 527160
18.600054 527160
18.80001 538200
19.000016 516120
19.200102 342240
19.400138 0
19.600019 0
19.800214 0
19.999933 0
