0.202778 0
0.407104 0
0.600198 0
0.800045 5520
1.00001 33120
1.20017 82800
1.400045 264960
1.600048 405720
1.800083 447120
2.000083 411240
2.200154 422280
2.4 496800
2.600003 563040
2.800048 510600
3.000003 505080
3.20001 496800
3.400054 496800
3.600099 496800
3.800022 507840
4.000032 538200
4.200077 538200
4.400032 535440
4.60001 516120
4.800054 505080
5.00001 502320
5.200016 496800
5.400061 496800
5.600106 496800
5.800029 516120
6.000038 538200
6.200083 538200
6.400038 535440
6.600016 510600
6.800061 507840
7.000016 496800
7.200022 496800
7.400067 496800
7.600112 496800
7.800035 524400
8.000045 538200
8.20009 535440
8.400045 535440
8.600022 505080
8.800067 507840
9.000022 496800
9.200029 496800
9.400074 496800
9.600118 496800
9.800006 532680
10.000051 538200
10.200006 535440
10.400051 529920
10.600029 505080
10.800074 505080
11.000029 496800
11.200035 496800
11.40008 496800
11.600003 499560
11.800013 538200
12.000058 538200
12.200013 535440
12.400058 524400
12.600035 502320
12.80008 505080
13 496800
13.200042 496800
13.400086 496800
13.60001 507840
13.800019 538200
14.000064 538200
14.200019 535440
14.400064 516120
14.600042 505080
14.800086 502320
15.000003 496800
15.200048 496800
15.400093 496800
15.600016 516120
15.800026 538200
16.00007 538200
16.200026 535440
16.400003 510600
16.600048 507840
16.800003 496800
17.00001 496800
17.200054 496800
17.400099 496800
17.600022 524400
17.800032 538200
18.000077 535440
18.200032 535440
18.40001 505080
18.600054 507840
18.80001 496800
19.000016 496800
19.200102 496800
19.400138 587880
19.600019 560280
19.800214 507840
19.999933 496800
